===============================
vMOS0AV6
1514171724.77,1514171724.89,0.119673967361
1514171708.73,1514171714.73,5.99598693848
1514171724.79,1514171724.93,0.147595882416
1514171724.79,1514171724.95,0.153540849686
1514171724.78,1514171724.9,0.125159025192
1514171722.75,1514171724.83,2.07681202888
1514171712.72,1514171718.74,6.01527500153
1514171724.76,1514171724.84,0.0841178894043
1514171714.73,1514171722.75,8.02877688408
1514171724.78,1514171724.91,0.131875991821
1514171724.76,1514171724.85,0.0892210006714
1514171714.73,1514171724.78,10.0477428436
1514171724.76,1514171724.86,0.0969958305359
1514171718.73,1514171724.79,6.05921912193
1514171724.78,1514171724.92,0.139618873596
1514171724.79,1514171724.94,0.146600961685
1514171724.77,1514171724.87,0.104955911636
1514171718.74,1514171724.81,6.07297992706
1514171724.77,1514171724.88,0.111605167389
1514171722.75,1514171724.82,2.07050800323
---------------------
===============================
dwxRZvEa
1514177002.11,1514177002.25,0.139240026474
1514176994.07,1514177002.12,8.05104994774
1514177002.1,1514177002.24,0.131941080093
1514177002.11,1514177002.26,0.146359920502
1514177002.09,1514177002.19,0.101196050644
1514176996.07,1514177002.13,6.06017780304
1514177002.09,1514177002.2,0.107992172241
1514176998.07,1514177002.14,4.06633210182
1514176984.05,1514176990.05,5.99669384956
1514177002.1,1514177002.2,0.107824087143
1514176986.05,1514176992.06,6.01165318489
1514177002.08,1514177002.17,0.0879938602448
1514177002.1,1514177002.21,0.116253137589
1514177002.08,1514177002.16,0.0805990695953
1514176990.05,1514176996.07,6.01970505714
1514177002.1,1514177002.22,0.124937057495
1514176992.06,1514177000.08,8.02204608917
1514177000.08,1514177002.15,2.07295894623
1514177002.09,1514177002.18,0.0943129062653
1514176992.06,1514177002.1,10.0374090672
---------------------
===============================
SU9n6p4f
1514310179.31,1514310179.39,0.0851848125458
1514310179.33,1514310179.46,0.129267930984
1514310179.31,1514310179.4,0.0918810367584
1514310175.29,1514310179.33,4.04696798325
1514310177.29,1514310179.34,2.0511200428
1514310164.27,1514310169.27,4.9983689785
1514310179.32,1514310179.42,0.106648921967
1514310177.29,1514310179.35,2.05871915817
1514310165.26,1514310173.28,8.01861405373
1514310179.32,1514310179.44,0.114094018936
1514310179.3,1514310179.36,0.0659108161926
1514310169.27,1514310177.29,8.02368402481
1514310179.31,1514310179.41,0.0996890068054
1514310179.32,1514310179.45,0.121968984604
1514310179.3,1514310179.37,0.0728950500488
1514310169.27,1514310179.3,10.032930851
1514310179.33,1514310179.48,0.143572092056
1514310179.3,1514310179.38,0.0788049697876
1514310173.28,1514310179.32,6.03749918938
1514310179.33,1514310179.47,0.13664317131
---------------------
