===============================
0ep8OmrL
1514171724.77,1514171724.85,0.0809791088104
1514171724.79,1514171724.91,0.126570940018
1514171724.77,1514171724.86,0.0891091823578
1514171718.74,1514171724.77,6.0392870903
1514171724.8,1514171724.94,0.138940095901
1514171722.75,1514171724.79,2.04586696625
1514171724.78,1514171724.9,0.117931842804
1514171724.78,1514171724.88,0.104183912277
1514171722.75,1514171724.81,2.05686092377
1514171711.74,1514171714.73,2.98510122299
1514171724.78,1514171724.89,0.111241102219
1514171724.76,1514171724.82,0.0632028579712
1514171712.72,1514171718.74,6.01505684853
1514171724.77,1514171724.87,0.098739862442
1514171724.76,1514171724.83,0.067941904068
1514171714.73,1514171722.75,8.02321910858
1514171724.79,1514171724.93,0.140384912491
1514171724.77,1514171724.84,0.0752699375153
1514171718.73,1514171724.76,6.02500700951
1514171724.79,1514171724.92,0.133761882782
---------------------
===============================
U7j9n5LX
1514176996.07,1514177002.13,6.0585501194
1514176984.05,1514176990.05,5.99763607979
1514177002.11,1514177002.25,0.132817029953
1514176998.08,1514177002.14,4.06588602066
1514176986.05,1514176992.06,6.01096510887
1514177002.1,1514177002.2,0.103893041611
1514177000.08,1514177002.15,2.07173299789
1514176990.05,1514176992.06,2.01094698906
1514177002.1,1514177002.22,0.111557006836
1514176992.06,1514176996.07,4.01562404633
1514177002.09,1514177002.18,0.0903880596161
1514177002.11,1514177002.22,0.117796897888
1514177002.09,1514177002.17,0.084666967392
1514176992.06,1514177000.09,8.02698898315
1514177002.11,1514177002.24,0.125502824783
1514176994.07,1514177002.1,8.03457188606
1514177002.08,1514177002.16,0.0786509513855
1514177002.09,1514177002.19,0.0980458259583
1514176996.07,1514177002.12,6.04672598839
1514177002.1,1514177002.2,0.105598926544
---------------------
===============================
9Z1LsbjG
1514310177.29,1514310179.35,2.05921792984
1514310179.31,1514310179.41,0.102547883987
1514310179.3,1514310179.36,0.0663528442383
1514310166.32,1514310171.28,4.95150899887
1514310179.33,1514310179.48,0.147429943085
1514310179.32,1514310179.45,0.125823020935
1514310169.27,1514310173.28,4.01413297653
1514310179.31,1514310179.39,0.0869359970093
1514310179.3,1514310179.38,0.0814180374146
1514310169.27,1514310177.29,8.02435708046
1514310179.32,1514310179.46,0.132163047791
1514310179.33,1514310179.47,0.140281915665
1514310173.28,1514310179.32,6.0388250351
1514310179.31,1514310179.4,0.0951828956604
1514310175.29,1514310179.33,4.0475268364
1514310179.32,1514310179.43,0.116714954376
1514310179.33,1514310179.49,0.154886007309
1514310175.29,1514310179.34,4.05312681198
1514310179.3,1514310179.37,0.0726099014282
1514310179.32,1514310179.42,0.109441995621
---------------------
