===============================
AMJC2E1D
1514171722.75,1514171746.8,24.0503158569
1514171714.73,1514171736.79,22.0593569279
1514171718.74,1514171744.8,26.0620660782
1514171706.71,1514171710.72,4.00539088249
1514171718.73,1514171740.79,22.0565540791
1514171706.71,1514171714.72,8.01219391823
1514171706.71,1514171720.74,14.0264549255
1514171706.71,1514171724.75,18.0383222103
1514171708.72,1514171728.77,20.0580129623
1514171712.72,1514171732.78,20.0576090813
---------------------
===============================
3nBMvrc5
1514171724.79,1514171746.89,22.0983550549
1514171714.73,1514171738.79,24.0608730316
1514171724.79,1514171746.89,22.0959839821
1514171724.77,1514171746.84,22.0721049309
1514171718.73,1514171742.79,24.0591979027
1514171724.77,1514171746.84,22.0691890717
1514171718.74,1514171742.79,24.0584878922
1514171724.79,1514171746.9,22.1021900177
1514171724.8,1514171746.9,22.1073741913
1514171724.77,1514171746.85,22.0755200386
1514171722.75,1514171746.8,24.0505399704
1514171724.76,1514171746.82,22.0618441105
1514171724.78,1514171746.86,22.0800340176
1514171722.75,1514171746.81,24.057336092
1514171706.72,1514171726.76,20.0449562073
1514171724.78,1514171746.87,22.08593297
1514171708.72,1514171726.77,18.0550990105
1514171724.78,1514171746.88,22.0920259953
1514171724.76,1514171746.83,22.0661230087
1514171712.72,1514171734.78,22.0611870289
---------------------
===============================
XLraygxB
1514176996.07,1514177024.19,28.1163990498
1514176984.04,1514176994.06,10.0170760155
1514176984.04,1514177000.08,16.0358021259
1514176998.07,1514177026.19,28.1152281761
1514176986.05,1514177004.14,18.0960810184
1514176994.07,1514177020.18,26.1143429279
1514176990.05,1514177008.16,18.1038908958
1514176992.06,1514177012.17,20.1117930412
1514176992.06,1514177016.18,24.1121399403
1514176984.04,1514176988.05,4.00420594215
---------------------
===============================
d6yOf58w
1514177002.11,1514177026.27,24.1631028652
1514176992.06,1514177014.17,22.1112771034
1514177002.11,1514177026.26,24.1573028564
1514176994.07,1514177018.18,24.1120660305
1514176984.05,1514177002.1,18.0537800789
1514177002.09,1514177026.24,24.1432290077
1514176996.07,1514177022.19,26.113820076
1514176986.05,1514177002.12,16.070661068
1514177002.1,1514177026.25,24.1488878727
1514176986.05,1514177002.13,16.0835301876
1514177002.08,1514177026.21,24.1276261806
1514177002.1,1514177026.25,24.1473400593
1514177000.08,1514177026.21,26.1296191216
1514176990.05,1514177006.14,16.0923690796
1514177002.1,1514177026.26,24.1520178318
1514176990.05,1514177006.15,16.0914161205
1514176998.07,1514177026.19,28.115128994
1514177002.09,1514177026.22,24.1322858334
1514176992.06,1514177010.16,18.1009118557
1514177002.09,1514177026.23,24.1383521557
---------------------
===============================
9i167jnP
1514310161.26,1514310179.29,18.037984848
1514310163.26,1514310183.32,20.0580210686
1514310165.26,1514310187.33,22.0695400238
1514310175.29,1514310205.36,30.0704500675
1514310169.27,1514310191.34,22.0698850155
1514310169.27,1514310195.34,26.0755410194
1514310173.28,1514310199.35,26.0695259571
1514310161.26,1514310165.26,4.00518798828
1514310173.28,1514310203.35,30.0728919506
1514310161.26,1514310171.27,10.0162148476
---------------------
===============================
EMse9RSH
1514310179.31,1514310205.41,26.1024310589
1514310161.26,1514310181.31,20.0472438335
1514310179.33,1514310205.46,26.1315338612
1514310179.31,1514310205.42,26.1087749004
1514310177.29,1514310205.37,28.0787699223
1514310163.26,1514310185.33,22.069272995
1514310177.29,1514310205.38,28.0851891041
1514310165.26,1514310189.33,24.0724840164
1514310179.32,1514310205.45,26.1264970303
1514310179.32,1514310205.44,26.1209499836
1514310179.3,1514310205.39,26.0894680023
1514310169.27,1514310193.34,24.0728740692
1514310179.3,1514310205.4,26.0941672325
1514310169.27,1514310197.35,28.0767991543
1514310179.33,1514310205.45,26.124876976
1514310179.31,1514310205.4,26.0997540951
1514310173.28,1514310201.35,28.0710020065
1514310179.31,1514310205.41,26.0967299938
1514310175.29,1514310205.36,30.0703239441
1514310179.32,1514310205.43,26.1154510975
---------------------
